20:35:33 28-05-2017
[[1,1,333],
[1,2,888],
[1,3,777],
[1,4,1],
[1,5,33.300000],
[2,1,100],
[2,2,300],
[2,3,200],
[2,4,1],
[2,5,11.100000]]
20:40:37 28-05-2017
[[1,1,340],
[1,2,234],
[1,3,345],
[1,4,1],
[1,5,45.300000],
[2,1,456],
[2,2,567],
[2,3,789],
[2,4,1],
[2,5,10.100000]]
20:45:47 28-05-2017
[[1,1,350],
[1,2,876],
[1,3,765],
[1,4,1],
[1,5,47.300000],
[2,1,654],
[2,2,543],
[2,3,432],
[2,4,1],
[2,5,8.100000]]
20:50:51 28-05-2017
[[1,1,380],
[1,2,210],
[1,3,199],
[1,4,1],
[1,5,49.300000],
[2,1,101],
[2,2,102],
[2,3,103],
[2,4,1],
[2,5,8.100000]]
